1184
1204
1201
1188
1188
1178
1183
1168
1198
1167
1169
1205
1185
1189
1222
1200
1195
1187
1155
1181
1198
1206
1200
1203
1178
1185
1229
1206
1189
1203
1206
1213
1182
1199
1182
1198
1190
1175
1190
1179
1177
1184
1213
1198
1190
1201
1184
1211
1188
1160
1197
1219
1176
1187
1219
1196
1188
1191
1190
1201
1197
1167
1181
1251
1187
1205
1216
1210
1191
1195
1180
1182
1181
1230
1191
1220
1206
1166
1202
1184
1194
1196
1189
1188
1195
1203
1168
1194
1191
1184
1171
1189
1179
1171
1205
1194
1189
1233
1213
1181
1211
1200
1177
1179
1176
1185
1171
1206
1162
1229
1170
1184
1198
1194
1181
1207
1181
1213
1173
1198
1173
1173
1188
1198
1221
