947
928
959
952
971
966
1003
990
981
981
944
970
975
964
977
980
966
1013
992
1012
1009
998
1017
1024
990
1004
1003
999
1024
1025
1016
999
1003
1039
1014
1038
1025
1059
1044
1016
1035
1015
1042
1041
1060
1037
1027
1065
1044
1111
1188
1267
1261
1245
1254
1271
1294
1293
1270
1275
1278
1312
1309
1281
1306
1315
1272
1266
1279
1290
1309
1328
1294
1274
1293
1280
1282
1296
1295
1317
1291
1328
1311
1321
1311
1298
1339
1311
1294
1363
1313
1323
1329
1336
1324
1343
1341
1369
1317
1349
1188
1240
1259
1301
1260
1269
1296
1297
1290
1272
1281
1283
1293
1283
1313
1277
1322
1296
1314
1287
1289
1280
1318
1324
1272
