934
1204
1196
1183
1190
1192
1192
1184
1194
1195
1166
1165
1165
1206
1208
1218
1177
1178
1199
1206
1225
1191
1188
1189
1205
1180
1177
1215
1169
1178
1199
1186
1210
1183
1174
1193
1191
1216
1171
1172
1188
1220
1197
1195
1185
1176
1151
1194
1195
1204
1195
1209
1221
1190
1175
1190
1179
1215
1200
1216
1223
1182
1202
1192
1174
1188
1204
1171
1185
1187
1206
1212
1197
1208
1211
1199
1225
1165
1200
1189
1241
1187
1187
1183
1185
1211
1192
1183
1203
1185
1159
1185
1174
1212
1163
1188
1195
1222
1191
1165
1178
1201
1186
1204
1191
1179
1211
1189
1178
1203
1184
1177
1176
1193
1204
1200
1169
1193
1159
1177
1216
1233
1201
1201
1213
