912
938
951
957
991
966
949
982
988
998
1007
980
987
999
968
995
1001
981
990
987
1012
983
1020
989
997
1180
1243
1299
1244
1262
1286
1267
1287
1265
1260
1249
1300
1309
1326
1282
1299
1300
1287
1311
1317
1308
1286
1324
1316
1288
1180
1261
1265
1286
1307
1257
1280
1292
1253
1245
1250
1263
1298
1280
1312
1294
1296
1245
1275
1305
1318
1292
1323
1315
1271
1214
1233
1258
1266
1276
1289
1268
1327
1264
1260
1312
1259
1248
1306
1300
1317
1311
1324
1281
1281
1325
1293
1281
1313
1280
1180
1240
1267
1276
1264
1243
1266
1318
1330
1271
1300
1306
1316
1283
1275
1260
1296
1271
1272
1291
1292
1289
1304
1328
1335
