932
923
955
981
981
985
976
978
954
967
1196
1231
1254
1282
1264
1264
1283
1288
1270
1274
1216
1237
1242
1283
1289
1243
1261
1293
1266
1273
1189
1224
1250
1279
1278
1271
1270
1286
1310
1260
1202
1244
1252
1281
1238
1226
1322
1239
1293
1233
1208
1210
1260
1266
1276
1266
1282
1297
1265
1253
1213
1249
1255
1259
1254
1299
1282
1298
1324
1279
1199
1227
1235
1262
1246
1271
1296
1301
1268
1272
1201
1239
1255
1276
1247
1252
1247
1296
1304
1262
1177
1228
1260
1242
1249
1242
1310
1293
1287
1284
1236
1258
1242
1259
1272
1272
1246
1291
1287
1256
1252
1222
1238
1245
1279
1280
1281
1285
1256
1285
1162
1242
1252
1246
1274
