926
924
996
953
959
955
1005
1007
1001
967
964
999
963
979
979
980
1028
987
1007
993
1006
1016
1036
1009
1025
1017
1040
1013
1003
1013
1012
1026
1019
1022
1029
1056
1029
1016
1049
1068
1023
1060
1058
1048
1032
1028
1056
1017
1056
1213
1248
1259
1237
1247
1239
1309
1243
1272
1285
1290
1263
1301
1329
1295
1310
1316
1275
1284
1276
1344
1288
1320
1306
1310
1330
1320
1315
1313
1310
1310
1322
1353
1268
1363
1311
1288
1287
1310
1305
1344
1318
1355
1379
1327
1364
1333
1336
1386
1315
1202
1247
1252
1290
1301
1286
1279
1308
1275
1311
1285
1259
1284
1286
1304
1255
1305
1282
1283
1312
1318
1324
1323
1291
1308
1291
