924
944
924
985
982
996
973
981
968
1191
1232
1256
1258
1281
1279
1294
1272
1272
1240
1213
1238
1265
1258
1263
1252
1261
1252
1304
1250
1193
1213
1248
1267
1236
1243
1237
1280
1318
1262
1196
1238
1244
1294
1266
1265
1247
1274
1296
1252
1166
1249
1261
1264
1265
1267
1285
1289
1314
1275
1203
1237
1316
1294
1274
1249
1266
1266
1257
1279
1237
1228
1254
1257
1251
1284
1286
1272
1317
1264
1207
1236
1267
1269
1231
1264
1283
1334
1324
1237
1215
1231
1260
1255
1265
1268
1311
1293
1300
1287
1194
1261
1263
1281
1268
1271
1262
1281
1318
1267
1189
1226
1261
1255
1256
1305
1272
1324
1321
1310
1179
1245
1233
1259
1257
1284
