918
922
938
951
1000
965
983
970
964
980
984
990
981
1008
940
993
1027
1009
1001
982
1029
998
1023
1025
985
1021
993
1055
1004
994
997
1026
1020
1008
1009
1027
1030
1071
1035
1046
1027
1007
1066
1015
1019
1025
1051
1036
1045
1040
1048
1043
1065
1063
1025
1053
1045
1071
1090
1081
1079
1066
1093
1044
1064
1046
1078
1080
1081
1085
1108
1105
1069
1067
1079
1072
1094
1092
1064
1097
1080
1089
1075
1102
1107
1090
1086
1106
1092
1066
1094
1095
1097
1133
1124
1112
1114
1102
1088
1097
1089
1108
1110
1119
1072
1097
1100
1142
1149
1128
1131
1129
1106
1121
1090
1143
1126
1107
1128
1132
1140
1129
1124
1138
1148
