946
938
964
961
990
986
951
973
992
1006
1031
979
960
1003
1042
1015
1008
981
1013
1011
971
1015
1025
1024
1189
1233
1266
1259
1286
1248
1279
1267
1314
1273
1278
1275
1271
1316
1285
1256
1284
1285
1287
1285
1342
1293
1329
1354
1325
1200
1275
1277
1257
1283
1306
1287
1291
1293
1259
1263
1300
1304
1269
1308
1317
1286
1245
1325
1298
1299
1340
1359
1292
1297
1189
1239
1267
1254
1265
1270
1331
1286
1310
1283
1287
1253
1274
1316
1294
1330
1305
1270
1283
1260
1301
1334
1309
1301
1296
1190
1225
1246
1260
1249
1263
1310
1328
1283
1269
1254
1288
1279
1309
1273
1296
1323
1308
1275
1279
1312
1335
1298
1313
1312
1209
