940
1003
967
959
958
997
956
960
971
985
989
995
976
977
946
987
1000
992
1012
998
1013
1014
1014
999
1051
1001
1011
1027
1009
1004
998
1034
1032
1031
1013
1040
1021
1021
1041
1036
1056
1072
1061
1034
1050
1039
1059
1052
1071
1032
1032
1042
1029
1052
1081
1037
1049
1065
1055
1052
1050
1078
1088
1102
1066
1087
1051
1064
1094
1070
1096
1101
1081
1096
1103
1096
1098
1055
1102
1088
1080
1118
1087
1102
1089
1086
1105
1087
1119
1109
1070
1069
1120
1092
1124
1129
1091
1086
1109
1098
1131
1102
1086
1154
1112
1133
1093
1103
1122
1130
1106
1129
1137
1111
1130
1119
1097
1168
1101
1110
1132
1148
1137
1126
1110
