25
38
51
64
77
90
103
116
129
142
155
168
181
194
207
220
233
246
259
272
285
298
311
324
252
265
278
291
304
317
330
343
356
369
382
395
408
421
434
447
460
473
486
499
512
525
538
551
564
477
490
503
516
529
542
555
568
581
594
607
620
633
646
659
672
685
698
711
724
737
750
763
776
789
702
715
728
741
754
767
780
793
806
819
832
845
858
871
884
897
910
923
936
949
962
975
988
1001
1014
927
940
953
966
979
992
1005
1018
1031
1044
1057
1070
1083
1096
1109
1122
1135
1148
1161
1174
1187
1200
1213
1226
1239
1152
