25
38
51
64
77
90
103
116
129
142
155
168
181
194
207
220
233
246
259
272
285
298
311
324
337
350
363
376
389
402
415
428
441
454
467
480
493
506
519
532
545
558
571
584
597
610
623
636
649
477
490
503
516
529
542
555
568
581
594
607
620
633
646
659
672
685
698
711
724
737
750
763
776
789
802
815
828
841
854
867
880
893
906
919
932
945
958
971
984
997
1010
1023
1036
1049
1062
1075
1088
1101
1114
927
940
953
966
979
992
1005
1018
1031
1044
1057
1070
1083
1096
1109
1122
1135
1148
1161
1174
1187
1200
1213
1226
1239
1252
