25
38
51
64
77
90
103
116
129
142
155
168
181
194
207
220
233
246
259
272
285
298
311
324
337
350
363
376
389
402
415
428
441
454
467
480
493
506
519
532
545
558
571
584
597
610
623
636
649
662
675
688
701
714
727
740
753
766
779
792
805
818
831
844
857
870
883
896
909
922
935
948
961
974
987
1000
1013
1026
1039
1052
1065
1078
1091
1104
1117
1130
1143
1156
1169
1182
1195
1208
1221
1234
1247
1260
1273
1286
1299
1312
1325
1338
1351
1364
1377
1390
1403
1416
1429
1442
1455
1468
1481
1494
1507
1520
1533
1546
1559
1572
1585
1598
1611
1624
1637
