25
38
51
64
77
90
103
116
129
117
130
143
156
169
182
195
208
221
234
207
220
233
246
259
272
285
298
311
324
297
310
323
336
349
362
375
388
401
414
387
400
413
426
439
452
465
478
491
504
477
490
503
516
529
542
555
568
581
594
567
580
593
606
619
632
645
658
671
684
657
670
683
696
709
722
735
748
761
774
747
760
773
786
799
812
825
838
851
864
837
850
863
876
889
902
915
928
941
954
927
940
953
966
979
992
1005
1018
1031
1044
1017
1030
1043
1056
1069
1082
1095
1108
1121
1134
1107
1120
1133
1146
1159
1172
